<?xml version="1.0"?>
<opencv_storage>
<calibration_time>"Sat 03 Oct 2020 04:31:03 PM CEST"</calibration_time>
<nr_of_frames>25</nr_of_frames>
<image_width>800</image_width>
<image_height>600</image_height>
<board_width>9</board_width>
<board_height>6</board_height>
<square_size>25.</square_size>
<fix_aspect_ratio>1.</fix_aspect_ratio>
<!-- flags: +fix_aspectRatio +fix_k3 +fix_k4 +fix_k5 -->
<flags>6274</flags>
<fisheye_model>0</fisheye_model>
<camera_matrix type_id="opencv-matrix">
  <rows>3</rows>
  <cols>3</cols>
  <dt>d</dt>
  <data>
    1.3214280543679899e+03 0. 5.9881594712190906e+02 0.
    1.3214280543679899e+03 3.3456704569178942e+02 0. 0. 1.</data></camera_matrix>
<distortion_coefficients type_id="opencv-matrix">
  <rows>5</rows>
  <cols>1</cols>
  <dt>d</dt>
  <data>
    -3.8003885491418415e-01 1.6491935276593886e-01
    -7.2969684041836462e-04 -8.3850194278408752e-04 0.</data></distortion_coefficients>
<avg_reprojection_error>1.6312546806551614e-01</avg_reprojection_error>
<per_view_reprojection_errors type_id="opencv-matrix">
  <rows>25</rows>
  <cols>1</cols>
  <dt>f</dt>
  <data>
    1.22920573e-01 1.16151571e-01 1.40435085e-01 1.81420982e-01
    1.85178488e-01 1.80568889e-01 1.48889750e-01 1.22300498e-01
    1.82908282e-01 1.77457705e-01 1.60383150e-01 1.50442153e-01
    1.21264301e-01 1.11297265e-01 1.34829387e-01 1.31513715e-01
    1.34256572e-01 1.09476142e-01 8.31965059e-02 1.25478595e-01
    1.25898525e-01 2.51602203e-01 2.30288371e-01 2.69262224e-01
    2.16229886e-01</data></per_view_reprojection_errors>
<!-- a set of 6-tuples (rotation vector + translation vector) for each view -->
<extrinsic_parameters type_id="opencv-matrix">
  <rows>25</rows>
  <cols>6</cols>
  <dt>d</dt>
  <data>
    4.2039359795168041e-02 -1.4453739130580265e-01
    -1.4414128259415264e+00 -3.3934378039732600e+01
    -1.0632006774341200e+02 1.3073937570447240e+03
    8.5715098973827508e-02 -1.4351885557778038e-01
    -1.6459766054199227e+00 -1.8447533190321798e+02
    -8.9406454542539294e+01 1.3538670560634691e+03
    5.4032182453080092e-02 -1.5344827230080865e-01
    -1.6563535338702631e+00 -3.6302991982404666e+02
    -9.9780436701142506e+01 1.3365648771428600e+03
    6.7276124689038361e-02 -1.7658054334261114e-01
    -1.5786373346303875e+00 -5.6741259861045705e+02
    -1.1311917503788052e+02 1.3174233491258581e+03
    6.2721738418169831e-02 -1.7859779278913224e-01
    -1.5806760536850335e+00 -5.9729011884392719e+02
    -4.0616316717393566e+01 1.3601543029677425e+03
    -2.0121104412703075e-01 -9.0510151959434848e-02
    -1.4449902017170220e+00 -5.5031033416046796e+02
    1.3838353304060979e+02 1.2178925810263825e+03 1.7255817955990355e-01
    4.1202621681100164e-02 -3.0433603598413712e+00
    -4.4210538715785697e+02 -1.6555446017451382e+02
    1.3968840363136410e+03 1.2563984231551553e-01
    -5.1700672312021731e-02 -2.9939301912557603e+00
    -4.4345181786453963e+02 1.0893878693069701e+02
    1.4686253255377512e+03 -1.7580982946262000e-01
    4.3058837835058497e-02 3.1004524999018925e+00
    -4.6690828431730216e+02 2.0642586217759836e+02
    1.5016049394506169e+03 2.6920269740477447e-02
    -6.0697249833431478e-02 1.6553415279356511e+00
    -5.2476346230092508e+02 6.0904737814408904e+01
    1.5533056564869244e+03 4.5788047594966429e-02
    -4.1031166645858194e-02 1.6224508709757128e+00
    -3.2080480023619458e+02 5.4501746233809627e+01
    1.5621847184055111e+03 7.6280387925914586e-02
    -8.6206277944613600e-03 1.5907238785805915e+00
    -5.1642909104009235e+01 6.0628229925081378e+01
    1.5782836548903917e+03 6.9245814195451366e-02
    -5.1314361881370452e-02 1.5603595451158474e+00
    1.7408801663602688e+02 7.1875841779328695e+01 1.5841408027875277e+03
    1.5146336598538807e-01 -1.8577075532934245e-01
    5.5423125067304679e-01 -2.2249017248123867e+01
    2.0407013548443100e+01 1.4902469812945806e+03 4.5419512660671894e-02
    -1.6948477071455531e-01 5.7750027870902984e-02
    -1.5896685510083916e+01 -2.5464408620228468e+01
    1.5951548128147876e+03 9.6539734175676337e-02
    -1.0838701191710680e-01 8.8299525474835119e-03
    -4.0376619091997711e+01 -3.3179117989918120e+02
    1.5991027582117006e+03 -3.3480472089063296e-04
    -2.6570832495103676e-02 -4.4526568729687382e-02
    -2.8251311389605013e+02 -1.7660538579122772e+02
    1.5877674954854087e+03 -6.6391177642080426e-02
    -1.4903527850435182e-02 -8.1418634608534310e-02
    -2.9146920769754934e+02 -6.6139935242518860e+01
    1.6362514094239471e+03 -1.4644495577094251e-02
    -8.0783836435825027e-02 -1.7683317298275986e-01
    -4.3709932630128930e+02 -9.3623368936646287e+01
    1.5070822863494066e+03 -3.4339362918878680e-02
    -1.3482152744112835e-01 -9.3803928793070548e-02
    -3.8707630220242424e+02 -2.5213062309391265e+02
    1.4662177217218828e+03 -5.5411281200715097e-02
    -2.7032440606113633e-02 5.7153018603758758e-02
    -2.3062920267125494e+02 -2.8924014041488516e+02
    1.5976775560836645e+03 -7.3166905336184684e-01
    -8.2642863848344933e-02 -5.0579556822783889e-01
    -1.7442548844200465e+02 -2.9890758702449371e+00
    1.1891616435340973e+03 7.1519095175573921e-01
    -1.0417999716451906e-01 1.8031978498285604e-02
    -1.8216564968645076e+02 -2.8274100891018753e+02
    1.2269361915491270e+03 1.3560752799276163e-02 5.4658776784114460e-01
    1.6247984109838982e-02 -8.6952089315410021e+01
    -1.1168745626612740e+02 1.1430212003173422e+03
    9.3473370158076763e-01 -4.6516193830628869e-02
    -3.0029329522849006e+00 -2.8652219479370990e+02
    -7.3100025501212471e+01 1.2802624065916668e+03</data></extrinsic_parameters>
